3.847023724564428010e-02
4.586181428539319316e-01
6.485165598729062397e-01
1.269728480925586545e-01
1.515582113951028514e-02
3.052272107209489087e-03
4.909347258829244914e-15
5.881722691107262868e-01
1.437158667045885796e-01
2.221437300205094875e-03
4.825235030461021493e-03
1.530221444505157347e-01
4.410434356261969655e-04
2.507951578743055077e-01
6.871210149707306215e-06
5.985652172788890474e-02
1.561910766185523880e-01
6.519506697087368297e-01
2.461539570642028163e-01
3.054997756098308884e-02
1.039273186291718616e-02
4.176900749592794837e-02
6.210880032495413872e-01
5.630850877019299983e-01
9.785563364494032079e-02
1.862427798954126856e-01
9.089878452428674406e-04
2.953370124563909488e-02
2.773450770660645590e-02
1.667504026130306738e-01
2.350720229298253888e-02
2.060245444910439594e-01
5.140496735528717054e-02
1.509710413653078120e-01
7.692797356350322691e-02
3.506078998286224491e-01
5.036792528327318358e-02
9.633268147294773431e-01
3.854230655163825570e-01
9.807505629589936824e-02
1.784282111595653364e-01
9.371051879102082482e-01
2.315012776054717614e-01
1.135661930608826697e-01
1.191976861888008807e-06
5.941055646764433623e-02
4.426530144107574394e-01
7.138186779963842654e-02
6.138028084876696877e-02
6.344876439933637702e-01
8.145975723731955220e-01
5.227970612519973193e-01
6.070236453599942017e-01
9.139567220113278267e-01
7.768343758969703527e-01
9.938622845733317002e-01
5.969980577429054858e-01
5.604222511841697729e-01
8.856354197998231870e-01
9.127348867817550726e-01
9.616746502781314820e-01
8.744716876055912413e-01
3.452494415354943058e-01
9.902068678996915896e-01
9.349750830406551305e-01
9.729050662057872056e-01
9.460575050311043066e-01
7.606314139881410474e-01
8.000558167860754022e-01
9.410787813010046410e-01
9.953075884702342613e-01
6.920281683081487278e-01
9.081418265093972320e-01
8.714818190728793601e-01
9.475942470223713832e-01
9.375424731197010697e-01
9.908185412779371148e-01
9.263747636071610891e-01
9.895570191815978855e-01
6.040183144683946015e-01
3.051399884504757964e-01
9.946710424822889918e-01
9.009613362722928009e-01
9.867441368237225285e-01
9.012301276875321898e-01
9.656321404095665750e-01
9.693302021129860391e-01
9.135680378546328084e-01
9.356113024874176398e-01
8.652346337417964328e-01
5.955460078088162801e-01
8.233140875810891490e-01
7.916148187307061601e-01
8.243916471427353843e-01
9.214254091554984205e-01
9.422209250135736847e-01
9.649026350028629961e-01
9.255632972428580185e-01
9.461846561210358608e-01
8.293872866124599730e-01
