1.281251906879361524e-01
1.726280947900305353e-04
2.606736277822825076e-05
6.696183019783491443e-05
2.102302420074221568e-04
2.092888623656038050e-03
5.703570786236262331e-04
5.607811587520110191e-08
5.839417360394825486e-04
4.059833714261317900e-06
1.085993324249640154e-04
2.949780126228650949e-04
1.862019520877362857e-03
3.459228850121177619e-04
4.731772197898746003e-06
8.443283071570932552e-02
2.056114588161662670e-05
1.436798066005719257e-05
2.056242969699091216e-03
1.486156380332191934e-06
6.688798093686737240e-07
8.804507357693392962e-04
4.801571123227025076e-04
1.146813405322028197e-02
1.369792936213976400e-07
4.242106319055359752e-08
2.321340197411221929e-05
1.685932576161114360e-02
1.583168680070382080e-05
9.293945121896100003e-01
4.146542234500534031e-03
2.766349754917745915e-05
8.665205725381223243e-07
1.299005412754946908e-05
5.470809493529711978e-03
1.126328030783591613e-03
3.172328347379953922e-02
4.271652182593262403e-01
4.486191176569582410e-05
1.106512351103068250e-05
1.031036516446152919e-03
2.448313622931023458e-05
1.994413615363438399e-06
3.157749733132238137e-03
5.533192506575802691e-05
3.753243705446498817e-03
2.468412956583384561e-06
2.752346920913964601e-08
1.703736391945170079e-04
9.586992886019112259e-01
1.276076600121258797e-03
2.766457628210248348e-02
8.692100310257485130e-06
1.430845624289282195e-03
1.460547220459120811e-02
6.612631934700218865e-07
5.372313286692900194e-04
7.193710322697623909e-04
1.163975216712086246e-03
1.116351989758337319e-04
3.354781025382493238e-04
2.548862738486639318e-05
7.520471297701557534e-01
9.974952179694982490e-01
9.707078106578709287e-01
8.011184263435808806e-01
7.794146783880860907e-01
9.928068652192004739e-01
9.444963839284904461e-01
9.995912465006655534e-01
9.999631897050801355e-01
9.987757341286130908e-01
9.971670611073066848e-01
9.813085763320267274e-01
9.957093519623992917e-01
7.462509046262794099e-01
9.829993938359516958e-01
9.795258644064005482e-01
9.985516805195399082e-01
5.074758521646541842e-01
9.927710455818585800e-01
9.999650660613490505e-01
9.986710626295229876e-01
9.926976646662046821e-01
9.611373148483741691e-01
6.592806569146327789e-01
9.889545459814721440e-01
9.964442533002484392e-01
9.998440653617477469e-01
9.838096554951337724e-01
8.025539466654811882e-01
9.928234708849454915e-01
9.573745381432632318e-01
9.957447016600062817e-01
9.521114253350341228e-01
9.998327333670843364e-01
9.986982121108842758e-01
9.244097353228656333e-01
9.997098208684113141e-01
9.994203349063750519e-01
9.998633803097415340e-01
9.852382726030877169e-01
9.798792307939800938e-01
9.993518443824728203e-01
6.810846225063280635e-01
9.873447885583715999e-01
9.744878565070166365e-01
9.985506373589174700e-01
9.292691306120168804e-01
9.193138542792391732e-01
9.994133555738909935e-01
8.710769672651620388e-01
9.923617924755320230e-01
9.112955121152945814e-01
5.307463344956078188e-01
9.942904914237448155e-01
9.992069690904469281e-01
9.047915993917677868e-01
9.992971372403428587e-01
9.876685087694868637e-01
9.661677673583601855e-01
9.902797281192179391e-01
9.085827643135714338e-01
9.990394451968191980e-01
