3.385696443090110419e-01
4.404783208492674129e-02
4.040890408968397796e-02
6.938101220621778475e-02
6.963215565500344151e-02
1.556254781114212726e-01
8.088014882537979122e-02
4.245859116999468538e-03
1.328307238667483514e-01
2.541355798125950055e-02
5.176085100640549774e-02
5.526272436830026447e-02
6.855958558972299888e-02
7.180016165448835364e-02
2.175436110496423506e-02
4.946747792647898101e-01
1.866259543032990076e-02
4.141194467861369216e-02
1.055460393369707928e-01
1.340992133779091156e-02
1.438954186217726236e-02
1.457645207380896535e-01
8.115744575477876199e-02
1.070943395183265867e-01
7.051019239198966573e-03
8.970619614142036694e-03
3.295701510093535652e-02
2.576240607636930413e-01
1.814921006519090718e-02
5.906281370397585828e-01
8.790904326833282045e-02
1.726906859059437749e-02
7.215140057243964004e-03
2.117441981304628296e-02
2.172800685010761179e-01
7.189445501376703906e-02
2.115977199864429170e-01
2.813455742376932411e-01
2.501097040246165124e-02
2.645471431750156741e-02
7.179319580980499105e-02
2.934936980887586228e-02
1.147125293755730559e-02
1.099341547427930971e-01
6.992846479920715452e-02
1.122534665354477934e-01
1.795745804141717084e-02
6.099312416234800062e-03
4.914297811158131746e-02
1.179240974155774113e+00
6.281554456560980992e-02
1.241324764769347611e-01
2.923194988325175658e-02
1.267208109001339011e-01
6.889142145729186539e-02
8.071498465432744296e-03
7.480014020522711415e-02
5.605691680421194534e-02
1.044703603389740970e-01
5.894919591804934772e-02
2.961118684574748361e-02
2.162045993151541154e-02
6.410406266897893390e-01
1.291739737459493886e+00
7.629761551648625018e-01
6.214174836012822389e-01
5.882257278046264526e-01
7.497732010804406544e-01
7.145637897881939038e-01
1.486065240800244602e+00
2.241920240078896231e+00
1.199006576719326755e+00
1.161399174740480600e+00
9.033794972952338131e-01
1.239735234234977446e+00
5.786065143051759563e-01
8.912744590697523339e-01
7.337251019444852584e-01
9.667144155158092778e-01
3.955787814144761660e-01
9.072660801254983642e-01
2.291089819199161326e+00
1.214015285062242322e+00
1.005518294732451023e+00
6.076581902271925850e-01
5.463246169489512916e-01
6.784996661692936915e-01
1.079862403979803265e+00
1.617486525240289907e+00
9.673284793033206652e-01
6.307163622028371108e-01
9.262548748860139902e-01
7.296848536990447887e-01
9.955284824690650014e-01
7.980329913246453355e-01
1.402446162909862126e+00
1.160080402928826970e+00
6.167062849178759354e-01
1.104304512139694827e+00
1.347519835294842760e+00
1.716210363536950334e+00
9.319220829350430835e-01
8.379747556288261734e-01
1.328177276209992597e+00
4.335882015501761888e-01
8.454694998204065337e-01
8.953022689582076366e-01
1.181786501676319823e+00
7.044995540249928689e-01
5.367277916288932804e-01
1.308031755660827633e+00
4.923500686737082299e-01
1.101990633639251316e+00
5.594073994231437696e-01
4.371567057150746449e-01
1.249394913063215595e+00
1.557403084780224045e+00
7.112068589102613636e-01
1.252071637622957256e+00
9.143572903313805789e-01
8.078671707430606919e-01
8.111506839080162568e-01
6.599465546370447688e-01
1.083073589307669504e+00
