1.200668092112043314e+07
2.830255692267891951e+06
2.053333792742490396e+07
1.606250788033535006e+06
4.784531077798497281e+05
5.704276885181418620e+06
6.887223194043984404e+05
4.821491787284516031e+05
1.907582149680646369e+06
1.132800683681283990e+05
4.191448221347710583e+06
4.963364774157869397e+05
4.189942961010254920e+06
1.847604860057911370e+06
1.463078044540535775e+05
1.168013156010238221e+06
1.589788764066726668e+06
3.150276791937363800e+06
4.077302931253172574e+05
1.230636759442427865e+05
2.117883063434122596e+06
1.181469020623470860e+05
1.183468643287146930e+06
4.787933448880471289e+06
5.785999149633406196e+05
9.577203877904087305e+06
4.094807764233319322e+05
1.099155155408654129e+06
1.744214531095374841e+06
1.470357877121480182e+06
4.949279939179405919e+05
3.469026681145943701e+06
5.676259565859222785e+06
2.496957940655620024e+07
4.650020513141556294e+05
1.463183612007594295e+07
7.773118904940081993e+05
1.288669472234343877e+06
4.541501968599148095e+05
1.017656421888563223e+07
2.684837592005587649e+06
7.236648230861764401e+06
4.599204169475061935e+05
2.036311892046969733e+05
3.453321469466309529e+06
1.084982410547837615e+07
6.563903697255532257e+06
3.443707649324201629e+05
9.949733959142420208e+05
1.477646465176692465e+06
1.527717916860132013e+06
2.278206197240985348e+05
4.056923975931962486e+06
2.184288227249034098e+05
2.127649651902569458e+06
3.522861585633977083e+05
5.847261061907568015e+06
4.574589490734871477e+06
2.959992307594917249e+06
6.963739393411442870e+05
1.098573772574322671e+07
4.080276676489451900e+06
3.985587131864243653e+06
3.187088472145617707e+05
3.456402156829821179e+05
2.808035407093285583e+06
3.827866261654702248e+05
1.382948235654703714e+07
6.568740122334425105e+05
9.050710309340480017e+05
2.674610490570465918e+05
2.524421288549130550e+05
3.447528338312600390e+05
1.606705665655341931e+06
7.995511368623086018e+05
1.960159541498896200e+06
8.541794296012581326e+05
1.070511456442379206e+07
1.947415285521441139e+06
3.753806478879297618e+06
2.219544080841275863e+06
7.460089660745356232e+06
4.392639897742508911e+06
8.100485183316729963e+06
3.009721436380211730e+06
3.100233985579184373e+05
4.323285455153777148e+05
9.318740227309879847e+05
4.432817323641885887e+05
1.482277622688160511e+06
8.786964290827936493e+05
2.237215140474840067e+06
2.913503688530309591e+06
2.156706455136596051e+05
2.967803172477278276e+05
1.968984712025660556e+05
4.728011572646304965e+06
1.979467116978055565e+06
1.152380011079223594e+06
5.432443980534429429e+05
1.659536423808833119e+06
3.154171648349040770e+05
3.470582562225054717e+05
5.756193461810783483e+06
6.790620055048891343e+06
1.080078940584853524e+06
2.614823092968239915e+06
2.730226717216612305e+06
2.600275627486465091e+05
6.456473268917952664e+05
6.699483375058946200e+06
3.387432526950473548e+05
8.310026816537102684e+06
3.907646891987339593e+06
1.555471359131559264e+06
7.604695312377903610e+05
5.322606046885049436e+05
2.419686792117929086e+06
3.747453173207258340e+06
1.438643874727634015e+06
8.533648304376086220e+06
1.467817839462120784e+06
3.825260250773582142e+06
1.699030412336278532e+05
7.235877284916103818e+05
3.115464730089367833e+06
2.615840792912413017e+05
7.606340599455392919e+06
1.573530415043376153e+06
1.604042450924222358e+06
7.577628539825442713e+05
9.451775589758776128e+06
1.160405654272337258e+07
1.815981648366983864e+05
1.529441770821086830e+05
7.229431502114660107e+05
1.108070300630103797e+07
1.405034013664211088e+05
2.083389958694628440e+05
4.755412245423454442e+05
4.300252507075352594e+06
2.673517286492887419e+06
2.651947318527658354e+05
3.632886037525719148e+05
5.173413891388814896e+06
1.336602393397123960e+05
2.411816694822692953e+05
3.474209914808067027e+06
1.904492242397575756e+05
1.562566076179335068e+05
3.700643424155897810e+05
1.342207836387114075e+05
2.399513442722846230e+05
1.259549392307490809e+06
8.208463509705021046e+06
7.415608494603596628e+05
9.062747498689865693e+06
5.472906996554380283e+06
3.092421318627526052e+06
1.036009552272424474e+07
1.974250033543769969e+06
1.461194490742742456e+07
5.368711728727070615e+06
5.572568830670891330e+05
1.031115909139511641e+06
1.835901520098660886e+07
6.593346611190240947e+04
2.302910855592067819e+06
1.118644848470373312e+06
4.044766833453334402e+06
1.156866226129811257e+06
1.377099693104684819e+06
3.982141599006873090e+06
1.278235800780035555e+06
5.428835031205958687e+06
5.490632509011714719e+06
1.506968099588548020e+07
4.157555167012231541e+05
5.508808008675824385e+05
2.270123489235676359e+06
2.108502671300648712e+06
1.901398631813921675e+05
3.336671732091054320e+06
1.027386001878684154e+06
8.822997154664829373e+06
3.702489062419702532e+05
3.314323206676201895e+07
5.369999039767842041e+05
2.770371691098904610e+07
1.133061368034142302e+06
2.084320339728909545e+06
3.286606381533395499e+06
3.827491856826674193e+05
1.150360265370603651e+06
6.970413563408562914e+05
5.105331523239926319e+05
9.408282465707859024e+06
3.053861786576961749e+05
4.349860616806785576e+06
3.138099521561037982e+05
6.131284851100881351e+05
2.071654990033109859e+07
4.361855995603295974e+06
7.363742101400023967e+04
1.567078972805622779e+07
4.426866321359854774e+05
1.969032915600793064e+07
5.697071269056066871e+06
1.225384262898603221e+06
1.558856320197393745e+07
1.820514241375414887e+06
1.797321038623333443e+06
1.043757125219307491e+06
4.720163054479027633e+05
1.786543011639018659e+05
8.151546181924137054e+05
1.519441229286130704e+07
3.139688733943053056e+06
1.957764169401249383e+05
1.226148542650980642e+06
8.752807574814215302e+06
8.848251419813407585e+06
5.681630788665049477e+05
3.346551499111207668e+05
9.110866370023231953e+06
1.805119107790167327e+05
4.498264909444469027e+06
2.719118729831262026e+05
2.253159747436795384e+06
1.806205481844407506e+06
1.115878099838339258e+05
1.321902173979600484e+05
2.599785417765833437e+06
6.821629767752621323e+06
5.021400348269409500e+06
1.636455776236911304e+07
3.602589434629983734e+05
1.367673738374347566e+06
2.578442820706990606e+05
5.622410225092177279e+05
3.171647970312716789e+05
9.581185798881872324e+05
2.180951621197796892e+06
6.545903681398211047e+05
1.331432874843139946e+07
5.726221946673238650e+06
1.160354856248651259e+07
1.425282698139411223e+05
4.013151844753270270e+05
3.277728065896848217e+06
