1.128717852850549264e-01
-8.786025693903081191e-01
7.544993703395044271e-01
1.593738509299226225e-01
8.569827941439641661e-01
2.765178145561535406e-01
1.616036736974109100e-01
9.298183462773770280e-01
9.919610863876151541e-01
8.816572059574503406e-01
1.029915855922752366e+00
7.787664443968771166e-03
-6.772094280924179088e-01
4.887214401640536110e-01
-1.136473494723162503e-01
6.463822480698286910e-01
4.656894174173413781e-01
7.497799912089586627e-01
-6.528419016388493645e-01
-5.690773717801036469e-01
-2.316783387595879873e-01
-5.682710834109983011e-01
1.281419119115447813e-01
-8.325204969743857930e-01
-9.135833241342670163e-01
-9.108193393902466184e-01
-5.506163770330587681e-01
-5.867420294391472169e-01
-6.133110326865640616e-01
6.808697294485774876e-01
5.097513798250403738e-01
1.059286849160324673e+00
2.015630330421593897e-01
-9.476261440527977697e-02
3.748339123004384987e-01
9.206562367531403446e-01
1.002103904842854831e-01
7.495659541190038411e-01
-4.777620609787263106e-01
6.824872628438709565e-01
-5.201614280863608997e-01
-1.569012063319910055e-01
-2.180318199402444534e-01
-6.130301148405461475e-01
3.688637356454798066e-01
9.357476583853654439e-01
7.394897841500448488e-01
4.497553344918293616e-01
9.203059789571444993e-01
-7.320623763855120814e-01
8.690436292142282859e-01
6.779930309229819096e-01
-9.198633193483640724e-02
-8.598227030310278546e-03
3.110366279470136996e-01
2.677211110196414112e-01
4.473783888281912535e-01
-9.942566653100950447e-01
-5.183727207620769661e-01
1.024491887517961608e+00
1.037869635027081960e+00
-5.483813149377163576e-01
-8.969824662550793803e-01
-2.627921009864255808e-01
8.821609539004997558e-01
5.522054299021643686e-01
8.973083096947385151e-01
-5.584730907404487077e-01
5.350337836173189032e-01
6.607217891341834459e-01
-6.650366892140482378e-01
1.244561016157824662e-01
-8.909614677860737686e-01
9.358778323934280330e-01
7.063108031405889164e-01
5.430135285479220641e-01
2.853690108859806562e-01
-9.478587568492669035e-01
2.328278737470785842e-01
1.147216372604263346e-01
2.116375172029473228e-01
-7.167712665348808798e-01
-9.249301804988316889e-01
5.488539993023380248e-01
-1.932463936693729067e-01
-8.458850707338814168e-01
-2.586093840233107954e-01
7.563953826428022609e-01
9.123295701673366231e-01
-4.993063452188373219e-01
-7.953794783161587389e-01
-3.766062530220715132e-01
8.695184130837816383e-01
3.552748692153853693e-02
1.057574759859885916e+00
2.248451836602107790e-01
-8.763423434979689119e-02
-8.751001842055785573e-01
-9.845812143736474287e-01
6.841048570786685268e-01
-7.645767596787353959e-01
6.308163394192189966e-02
9.130504691880589885e-01
3.061040103096508425e-01
8.013395958833431365e-01
-9.791399262460767083e-01
-5.515919499010379923e-01
-2.704720596421914536e-01
7.546908664749008011e-01
-8.092745005816741610e-01
4.448485282658865003e-02
-8.880827438924008277e-01
4.949296084622680780e-01
6.769527155860630696e-01
-9.128144064473779906e-01
-8.964110229669977059e-01
4.041026092463737562e-01
1.149506285224042301e-01
4.039584051604094839e-03
5.127154094051107336e-01
-4.341715981878397912e-01
1.862092281686751338e-01
2.041879073352248497e-02
-3.285379467966116351e-01
3.055276777714333036e-01
-2.559600306315985563e-01
-4.197806381655109220e-01
5.987961187830330712e-01
-7.943543381171211948e-01
1.053776934988716940e+00
1.783133761898203495e-01
1.554559378537059833e-01
-3.283140269366171538e-01
2.052158582295859901e-01
4.491976060380561964e-02
1.462033375015396319e-01
-9.356877161637973117e-01
-8.247470137364523168e-01
9.102449628614524002e-01
1.026582861134348601e+00
-5.973163230588554029e-01
-9.747447408748675102e-01
7.157163812116797974e-01
8.576152467850652883e-01
-5.514188389495262577e-01
-7.207485272456288783e-01
2.680612294083650760e-01
-7.093745091026759653e-01
-7.591938601527501440e-01
4.082553006715237132e-01
-9.853975605035820706e-01
-7.739555654324128398e-01
4.831726780360678930e-01
5.290849021148140707e-01
9.313304355784715050e-01
-7.190956476986301027e-01
-6.269654025666007158e-01
4.851354575894223364e-01
4.659932890638245340e-01
2.730176336564965611e-01
9.538825963610442216e-02
-2.394386548587164043e-01
9.797815045335624973e-01
6.645270457861582325e-02
6.153249177648092427e-01
-9.317982510078675062e-01
-6.948467575888592762e-01
-3.008789422381710210e-01
9.425318768936409297e-01
-6.724345646839342550e-01
1.627475589276841106e-01
8.861893381958617644e-01
5.126162222077468300e-01
4.574917787588352880e-01
7.819842776826273489e-01
-7.106431986745889162e-01
-1.916562874377722991e-01
7.534745872532950806e-01
-1.344748840049545535e-01
-6.708886636251305546e-01
4.450276657862591023e-02
3.300845806269094851e-01
-6.354322552491744602e-01
7.562689265095488000e-01
2.546356265893194859e-01
-8.420310856712402980e-01
-9.555837796309862853e-01
4.196287920478578570e-01
-6.365406748782582724e-01
2.939017104531795321e-01
7.735346267751843641e-01
-9.718890132743585042e-01
3.302352775909866978e-02
8.225236740303998317e-01
6.862268197774319400e-01
3.015216248422185608e-01
1.364432649846213375e-01
-5.928198080724591534e-01
3.132801851382680525e-01
1.038496552847548049e+00
